4 100   0    0     
23 100 1  1  
23 24 0  0  
220 239 1  1  
240 279 3  3  
1234567 12345678 14440  14440  
1880000000 1980000000 210527  210527  
1 2000000000 0  0  
2000000000 2000000000 0  0  
1000000000 2000000000 11695907  11695907  
1800000000 2000000000 21052632  21052632  
21345 21532156 250  250  
1 1 0  0  
1 2 0  0  
1 5 0  0  
5 5 0  0  
5 10 0  0  
10000 100000 117  117  
10000 11000 95  95  
123456789 234567890 1443940  1443940  
123456789 133456789 700455  700455  
17100 19000 201  201  
17100 18000 1  1  
171000000 181000000 200001  200001  
171000000 190000000 2000001  2000001  
171000000 189999999 2000000  2000000  
171000000 180000001 1  1  
171000000 179999999 0  0  
1880000000 1980000000 210527  210527  
2000000 2000000000 23392  23392  
1 2000000000 0  0  
1234567 12345678 14440  14440  
23 100 1  1  
190 200 1  1  
1900000000 2000000000 1  1  
1500000000 2000000000 17543860  17543860  
188084 1980605100 2200  2200  
18800000 1980000000 219883  219883  
199999999 199999999 0  0  
18 1980605100 1  1  
1750000000 2000000000 20467836  20467836  
1900 1000000 23  23  
100 2000000000 1  1  
1645665466 1999999999 19247549  19247549  
19 164 1  1  
3243642 2000000000 37938  37938  
1000000000 2000000000 11695907  11695907  
5 200000000 0  0  
100 200 1  1  
23 2000000000 1  1  
855 1980000000 11  11  
950  20000 12  12  
